IoU: 0.29558756
Cor: 0.07286281
